-0.0736967760400052
0.296727121524286
-0.879143571968632
1.01519983592517
-0.407176439334671
-0.0402950582905564
0.628944607817919
0.553961871487184
0.317813817004071
-0.170877795569107
0.451048760672758
0.407116654323869
0.082973653956283
-1.23408260521199
-0.0224863095936512
-0.141650173914933
-0.176990722838983
1.0668489420388
0.698605161525265
0.472752979690196
0.686995922896952
0.585524985435717
0.282141009569631
-0.66652840536234
0.123311364128342
0.0587087313836536
0.0790033886943553
-0.255276437233914
0.258779396353319
-0.108112740999958
0.739754910816235
-0.588764926255252
-0.105905947449547
-0.475471531708992
-0.635192889378126
-0.153240493207094
-0.0411129214813818
0.28301621540698
0.429375203250674
0.399379800010916
0.0196661636860859
0.0542139884804061
0.43679471089711
0.399445791857472
-0.547341971842391
0.15424737054311
0.367365562892146
0.47618646632484
-0.296608282118184
0.429194611435586
-0.217465246776383
-0.885229165618137
0.109022018620238
-0.773569830668835
0.649535356678048
0.954860030932823
-0.730014033566314
-0.280353726704834
0.819636614737682
-0.164788532559466
1.46333747600227
0.235358087616658
0.302909983383034
-0.0358454977663273
-0.543176492798042
0.391941709325915
-0.943213859848107
0.721569064291773
0.352221269260167
1.37964336502381
0.498871303431497
-0.702464179171114
-0.0928842987551168
-0.748669676134947
-0.412544402068738
-0.0286481951477298
-0.414095972823454
0.134060904773044
0.537414369883428
-0.626993684275875
-0.10198312307006
-0.170040256596145
0.607044052984817
-0.582935971301178
0.41577710394987
0.599456152902854
0.520879656492299
-0.00135610174089054
0.187976140147351
0.193713972705385
0.310156602791002
0.295763042957207
0.667340255984914
0.352257105648271
0.758511567695448
0.371368775688377
-0.246589761633437
-0.553261679219982
-1.23754462006115
-0.34788723198708
-0.221252407350967
0.241980221101855
-0.0953323650092538
0.0528523176469601
-0.419489819304655
1.08665470234758
0.617816986409775
0.476643129126591
0.407853332226925
1.06542368522635
-0.11367018407083
-0.260818677428928
0.316919904312982
-0.171238751452962
0.143808901701619
-0.118252088147903
-0.292814270788322
-0.726995210772191
0.557972505819875
-0.00523577688904393
-0.04132781007875
0.883393085899307
0.199748703849389
-0.684116927837183
-0.0327422499673397
0.491896670309427
-0.138762288206726
-0.329358223592297
-0.102774748677828
0.139049764796785
0.205244600863758
-0.218310138822543
0.145254457381394
-0.780631486528531
-0.00384975185843861
-1.18706217605644
-0.897312755331183
-0.123586828748353
0.0320753035402254
-0.250824753779694
-0.987449565675182
0.67033381123525
-0.857513579437567
-0.493649057614902
-0.192824064441259
-0.5816090656654
1.71918582184813
-0.179984089797271
-0.811390651421494
-0.925832290341094
0.124466559462026
0.181327249498052
-0.0351476851294766
-0.335689085466174
-0.756462410172305
-0.562863779637063
0.343832094617906
-0.661185827467255
-0.924539922140699
1.21903210860671
0.437990893946754
-0.371718776460374
1.11894764128829
0.426634001966503
-0.382406813259437
0.651599162236367
-0.077610586819892
-0.126720396013258
-0.069102293572216
-0.00430077866080601
1.13070169114572
-0.329679858390083
0.423040735125398
-0.044914858975637
0.23292501553001
-0.437981665628701
0.901413358352514
1.17072596234376
0.155889911793349
0.421742903494555
-0.774483468013772
0.537631509728624
-0.665964673542804
-1.25069226789568
0.182869861264689
0.104630143561283
0.622940568832173
-0.754520630027001
-0.464749493509361
0.12181334260299
-0.440185892362128
0.284706861163313
-0.411050374542466
0.494718859591255
-0.483455944437146
0.00761822397593837
0.8224681195323
-0.517011621252699
0.102998052802927
-0.207990853916202
0.0448719215496239
1.13461665242921
0.927702708199025
-0.438565398887894
-1.18585966534293
1.41670956422024
0.227117876273956
0.312459440945377
-0.184405945591003
0.189055182840064
-0.536140877833946
0.0254110426853054
-0.0159108934854434
-0.928145803619761
0.51303896395104
0.215638314766084
0.115130498282479
-0.130188355655144
0.506698132073494
0.218766332083732
-0.502647575036548
-0.30901210863951
-0.0823603498273138
-0.220177154226421
-0.439107547268289
0.178138238026837
-0.312200085337008
-0.626292606401488
-0.0884291938583704
-0.230976879731071
-0.857809504755931
-1.50329487168761
-0.00617498645463171
-0.0740638060425226
-0.673583356046384
0.00315958829125428
0.162294017275809
-0.114804231333561
0.608579318523445
0.225124047039398
0.574306684617911
0.260593331817277
-0.0288424407546393
-0.924215535270816
0.697697762818814
-0.980410298586061
-0.729093235144079
-0.183110526371389
-0.195059149069116
0.343595776811718
0.404357742699206
-0.36058223354089
-0.528597844289039
0.140036339821986
0.555854066699891
0.725293779302428
-0.845722263375164
0.694774663840399
-0.496908964262921
-0.308466414034341
0.828288315854507
-0.666410331291949
0.0646379377163208
0.416045645691371
0.80359865803296
-0.60390728947071
-0.220642492853013
-0.309750721819685
-0.454608850713771
-0.426697304807576
-0.247498358432757
-0.326682232142085
-0.502839553757683
1.6868715473759
-0.299580626520032
0.740903700457652
-0.876280286558741
0.344753241655691
-0.698069019218391
0.411422143403229
0.073800843032101
-0.0782794186636978
1.06746565359207
-0.801816993591885
-0.103093949741573
-0.657386173810172
-0.763568156628462
0.402374986021272
-0.182640281228622
0.690310241152937
-0.951628366216695
0.322723166975855
-0.394894258781245
-0.932136658750466
1.21793137919889
0.60233871354109
0.944042087103708
0.648842508344502
-0.00457290996087321
0.0605453418277953
0.0412277191337553
-0.330739360136784
1.0144650581527
-0.0104331385425521
1.18437549129247
0.755692261072043
0.131279140265834
-0.248207357580616
-0.262623454766016
0.066111179680553
0.604007983937833
-0.127299742860325
0.261025672203143
-0.439934766583586
-0.0757105630498904
0.268251975080213
-0.360310347458018
0.0420467306706581
-0.857742564313327
0.414035172207647
0.356782989874535
0.771105386015987
0.593041046388187
-1.99618217204132
0.49696134464215
-0.0172140299487463
0.117372646295386
-0.153397379753858
-0.0187660118440042
0.709160349513392
0.488620497421884
-0.528283896663002
0.139727821148
0.959052552047734
-0.190417729818097
0.384876768646354
0.668595156324604
-0.0328992407756162
-0.395125606440648
-0.184803059734363
0.00554561274117221
-0.663148166967798
0.296676917638923
0.173700365076698
-1.22121062257586
-1.19713994606813
0.32627867054831
0.141953697940213
0.569078399105575
0.987570938508305
1.00789684957904
0.383446992416083
0.142844779465701
-0.145426008120823
0.662939545504301
0.534493281384772
-0.399539276665813
0.124108030001214
-0.810968839490001
-0.0857718659375817
-1.4305717084472
0.417223865342531
-0.032498197347742
-0.353888912338581
-0.302818809254335
0.482704030910136
0.248597271572746
0.651245436332029
-0.239857327514688
-0.860452407698832
-0.241538501883737
-0.01952469937995
-0.0223999066351065
0.318336738939835
-0.75472348641502
-0.251644586744489
0.170566278031653
0.00288703722769203
-0.273966804713745
0.999044386105163
0.279518121292319
0.575152671030088
-0.671865414030772
-0.0548445370066732
0.502971366109029
-0.0928926303574299
-1.05025443845776
0.0830663586643719
-0.905029319766304
0.0407904320312238
0.78649853326788
0.321624514122071
0.675152155929843
0.222651269912247
-0.549516052301691
-0.633144517161693
0.18931840505332
-0.0662313324626455
-0.251546822676471
0.58926690657338
0.669920854309524
0.94352951364808
-0.248963881706295
-0.195454761040241
-0.244901733987642
0.167897290173921
-0.523359773336213
-0.218485894273688
0.8838088821523
-0.0389723068514484
-0.0662231470348888
0.278806469774787
0.718702619099124
-0.329049857883541
-0.419841396556117
0.596147404895409
0.5945226898811
0.0316311065646757
-0.82484098129768
0.442272157207655
0.102682727733734
-0.981986844831087
-0.345545251370118
-0.412935847550065
0.220896680347108
0.993616945604105
-0.883241198758667
-0.576583271586069
-0.121898717221275
-0.265567140421467
-0.971942465942362
-0.298379293879669
-1.21000670837974
0.215313937493535
0.230768436644002
0.0507406803651965
0.482312337195972
-0.252031157802047
0.298353722992007
0.858835235558335
0.0999969313542045
0.876645140724138
0.0236107526347943
0.473463716172995
0.18119302015177
-1.86950874846999
-0.680585712363401
-0.0932778118082726
0.340260671587702
-0.963879759684187
0.250664199263407
-0.201059760081757
-0.840872314742062
-0.280545217242713
-0.894028679177249
0.196513390872519
0.0606130380628328
-0.910124150754212
-0.13951988246294
0.121044642316742
0.189540200523766
1.00879882696344
0.869620719023629
0.629242778234669
0.0664263376308081
0.0285511535421296
-0.248700338869577
-0.110178705906192
0.93378646789719
0.775153338448013
-0.556224511593109
-1.24402769350767
-0.0372159371370733
0.090199638048443
1.00450153454404
-0.883830958412142
0.812791360295128
0.230608667798096
0.838367387707362
0.266218352935054
0.0213127408637043
-0.954303341239907
-0.167025475661646
-0.524461030777475
1.39362318161858
1.69730399531206
0.269179758584871
-0.652747017127744
-1.19452851639827
0.539548203720095
-0.823650187137165
1.26761711083735
-0.539338941713666
-0.0855096880781295
2.14378105292451
0.0374948374752548
0.774520388852372
-0.841507181163035
0.21489193324425
-0.851646102277507
-0.475281972213814
-0.0994035882669807
-0.335719291117619
0.163185659133931
0.777502694461214
0.763011932841847
-1.40348662687558
0.0436503473149645
0.304326625036833
-0.93542375113497
-1.37162393183057
-0.508789495763439
-0.214264181871707
0.0551726169923056
-0.551978054526998
0.0868670234183583
0.453938581803725
0.205667148775151
-0.306590102470473
0.839204102035866
-0.119425528674997
0.156190252634271
-0.647523480606014
0.30392049411944
-0.292782927368421
-0.424572364785765
-0.255042380951212
0.278088996672352
0.401027892646134
-0.0675648380416282
-0.938989652487622
0.420613530413196
-0.0850085321798735
-0.0514758025382286
1.02523160502301
-0.3113835475156
0.514660163024627
0.853517938781351
0.566275916943982
0.0340573760983124
-0.277323049951339
0.450879291469762
-0.420945950643468
-0.121148295449742
0.293721054766575
0.0448121481851739
-0.707750078593871
0.721657933091507
-0.798418444286429
0.0394963486113346
0.631954625614318
-0.44696590735652
-1.15159237978165
-0.509164461724324
0.156750221520539
-0.398815927635922
-1.27228836346335
-0.0650065715960296
-0.605041691420123
0.0818672103874973
-1.12174314701301
0.286958854512963
0.300156878317093
-0.45530554571968
-0.440585560456894
0.465079963185498
-0.373704620624922
-0.507988712164882
-0.386717731112249
0.690223837943545
-0.0673587863890655
0.89904029953677
0.371729175491712
-0.626560943916295
